9 : -31 -21 -2 12 21 27 28 35 40 
7 : -33 -15 12 31 39 45 48 
7 : -36 -24 -17 10 24 38 44 
8 : -36 -18 -17 -4 11 12 37 38 
5 : -5 -1 16 38 39 
0 : 
8 : -42 -38 -30 -29 -16 18 29 44 
5 : -48 -24 16 21 42 
8 : -38 -26 -20 -19 -9 -3 27 45 
11 : -37 -36 -19 -7 1 4 30 33 36 47 48 
8 : -45 -33 -27 -24 -16 6 23 47 
9 : -47 -32 -22 -16 -13 -11 -9 15 47 
6 : -38 -22 14 26 44 46 
8 : -47 -46 -32 -29 -6 -5 14 48 
10 : -43 -33 -31 -10 -8 -1 10 16 33 42 
5 : -44 -31 -27 -24 15 
5 : -50 -34 -13 49 50 
7 : -48 -42 -8 20 31 37 41 
9 : -24 -14 -6 -4 8 31 39 44 48 
10 : -47 -31 -30 -11 6 16 21 28 37 38 
6 : -46 11 27 28 32 38 
4 : -34 -8 13 26 
7 : -23 -20 10 17 28 46 48 
7 : -46 -2 7 8 23 32 42 
6 : -19 -15 -10 13 37 40 
8 : -40 -27 -24 -15 -11 -9 15 35 
9 : -19 -12 -7 -2 1 6 8 14 29 
9 : -37 -32 -15 -5 -4 28 41 42 49 
10 : -44 -30 -25 -20 -17 -16 -10 5 8 27 
7 : -28 -23 -19 -10 2 12 28 
12 : -40 -37 -34 -29 -27 -18 -5 11 35 39 43 45 
9 : -34 -17 2 6 15 27 28 30 36 
9 : 0 7 17 28 32 36 43 48 50 
3 : -39 -5 20 
9 : -41 -40 -33 -29 -25 -20 -11 -1 16 
9 : -5 0 6 16 20 29 33 44 45 
10 : -26 -22 -12 -2 8 22 35 36 39 46 
10 : -36 -30 -29 -21 -16 13 42 45 46 48 
10 : -43 -40 -24 -7 -3 5 14 34 36 37 
9 : -33 -20 -17 -8 -5 1 33 39 43 
9 : -35 -28 -14 -10 -6 16 17 24 46 
4 : -11 -6 1 43 
3 : -13 22 26 
3 : -37 46 50 
6 : -14 -11 -2 0 20 37 
5 : -14 -11 5 7 50 
10 : -49 -35 -29 -24 -16 -12 -8 3 18 31 
4 : -50 -16 -8 4 
12 : -50 -49 -42 -32 -29 -9 -3 4 5 19 20 40 
2 : -19 15 
10 : -37 -31 -28 -18 -16 -6 7 24 33 34 
7 : -34 -25 1 16 23 26 38 
9 : -28 -23 -20 -8 -2 6 7 25 36 
9 : -27 -22 -8 -7 7 19 20 22 28 
4 : 9 30 31 33 
6 : -26 -7 20 27 38 47 
0 : 
11 : -50 -49 -42 -37 -31 -28 -27 -10 -2 15 49 
9 : -46 -35 -25 -24 -16 2 27 40 47 
8 : -48 -25 -16 -7 24 35 42 50 
8 : -12 5 7 8 10 29 33 38 
11 : -34 -18 -12 -10 4 6 19 30 34 38 44 
7 : -49 -47 -39 -6 9 41 47 
7 : -27 -26 -19 1 20 40 42 
8 : -45 -27 -26 -16 -13 0 37 40 
8 : -41 -36 -32 -28 -2 4 15 36 
6 : 6 10 19 26 30 45 
11 : -33 -27 -18 -11 -10 -1 2 7 12 20 34 
11 : -46 -19 -6 1 4 6 16 17 18 24 34 
6 : -36 8 18 38 39 43 
11 : -50 -47 -45 -43 -35 -25 -12 -1 20 35 42 
9 : -43 -16 23 27 33 34 39 47 48 
7 : -43 -33 -21 -16 -3 33 34 
9 : -47 -31 -26 -19 -2 16 25 45 46 
3 : 0 1 19 
9 : -49 -42 -33 -6 16 27 36 37 42 
2 : -37 -13 
8 : -42 -40 -10 -8 12 15 17 18 
6 : -20 -16 -9 29 39 48 
4 : -33 -18 14 25 
9 : -32 -30 -7 5 8 15 24 27 35 
2 : -4 40 
9 : -49 -46 -13 4 17 25 31 32 48 
10 : -50 -41 -35 -33 -8 24 30 34 36 41 
8 : -33 -28 -19 -12 23 28 39 43 
10 : -41 -2 9 15 16 20 21 22 26 37 
7 : -12 -7 -5 9 13 22 37 
7 : -28 -23 -13 4 8 19 34 
9 : -49 -44 -12 -3 3 4 8 29 34 
3 : -34 -33 0 
2 : 28 45 
3 : -17 -7 49 
4 : 11 29 47 48 
11 : -50 -45 -38 -24 -10 1 4 15 32 41 49 
11 : -48 -32 -25 -23 -16 -11 -8 0 2 9 10 
4 : -12 -5 2 11 
11 : -46 -42 -17 -14 -7 14 16 18 30 35 38 
4 : -13 11 40 50 
4 : 7 11 27 31 
3 : -16 5 8 
